

RUN 1 :
Epochs :  70  Words :  200000
Size of Training Set :  163703
Size of Test Set :  23386

TEST SET : 
correct :  21819 , total :  23386
accuracy :  93.29940990336098
recall :  [97.86324786324786, 100.0, 85.71428571428571, 0.0, 92.3076923076923, 55.172413793103445, 60.18099547511312, 33.813559322033896, 75.8745476477684]
Precision : [94.92114917337653, 94.65317919075144, 85.71428571428571, 0.0, 85.71428571428571, 80.0, 84.17721518987342, 60.18099547511312, 79.92376111817026]
count in class :  [20358, 655, 42, 30, 13, 58, 221, 1180, 829]

TRAIN SET : 
correct :  153128 total :  163703
accuracy :  93.54013060237136
recall :  [98.2285706252021, 100.0, 87.85714285714286, 0.0, 92.64705882352942, 55.24296675191815, 66.39004149377593, 33.121330724070454, 73.8103448275862]
Precision :  [94.86239528600329, 95.17339282092881, 96.47058823529412, 0.0, 95.45454545454545, 85.71428571428571, 87.15953307392996, 64.06434823752069, 80.56078283778699]
count in class :  [142258, 4693, 280, 282, 136, 391, 1687, 8176, 5800]





RES :
Epochs :  5  Words :  9000000
Size of Training Set :  297819
Size of Test Set :  0

TRAIN SET : 
correct :  279215 total :  297819
accuracy :  93.75325281462902
recall :  [98.46747144380728, 100.0, 69.73180076628353, 0.19880715705765406, 66.11570247933885, 49.32975871313673, 61.635832521908476, 37.729980145598944, 72.04660490879571]
Precision :  [94.83901462285394, 98.56098136352914, 96.29629629629629, 25.0, 96.3855421686747, 92.46231155778895, 90.64439140811456, 64.6958692691784, 85.73701556995114]
count in class :  [258788, 8356, 522, 503, 242, 746, 3081, 15110, 10471]
Class F1 Score :  [96.6191890831259, 99.27527622668408, 80.88888888888889, 0.39447731755424065, 78.43137254901963, 64.33566433566433, 73.37712519319939, 47.66323885962713, 78.29787234042554]
Average F1 Score :  68.809233866021


overall present percent :  83.44
present perc :  [89.4, 4.1, 98.85, 81.55, 97.11, 96.92, 96.92, 89.17, 96.94]


Average F1 Score :  67.904548382261
0  120  4  5  5  8  273  2496  941  0  
3820  0  0  1  0  0  6  70  26  0  
87  0  0  0  0  0  0  1  7  0  
1036  3  0  0  0  0  1  5  1  0  
39  0  0  0  0  0  0  3  0  0  
286  0  0  0  0  0  1  33  13  0  
774  0  2  0  0  0  0  110  13  0  
9673  5  2  0  6  35  82  0  301  0  
2811  0  1  0  0  0  0  103  0  0  
0  0  0  0  0  0  0  0  0  0





Epochs :  10  Words :  100000000
Size of Training Set :  264728
Size of Test Set :  33091

TEST SET : 
correct :  30431 , total :  33091
accuracy :  91.96156054516334
recall :  [98.79667620590973, 0.0, 78.26086956521739, 0.0, 92.3076923076923, 51.13636363636363, 67.45406824146981, 32.43553008595988, 69.3061224489796]
Precision : [92.77042121280797, 0.0, 100.0, 0.0, 96.0, 93.75, 83.98692810457517, 68.94031668696712, 87.88819875776397]
count in class :  [29003, 457, 46, 120, 26, 88, 381, 1745, 1225]
Class F1 Score :  [95.68876273167473, -1, 87.8048780487805, -1, 94.11764705882352, 66.1764705882353, 74.81804949053857, 44.1153546375682, 77.49885896850753]
Average F1 Score :  77.1742887891612

TRAIN SET : 
correct :  244757 total :  264728
accuracy :  92.45603034057599
recall :  [98.89876608730263, 0.028645087367516472, 80.083857442348, 0.0, 84.72222222222221, 56.99088145896657, 70.14814814814815, 33.168724279835395, 69.36634948096886]
Precision :  [93.23665649865234, 4.3478260869565215, 98.4536082474227, 0.0, 95.81151832460732, 89.71291866028707, 83.32600087989441, 70.8713029576339, 87.43355594929808]
count in class :  [233647, 3491, 477, 926, 216, 658, 2700, 13365, 9248]
Class F1 Score :  [95.98428189572631, 0.05691519635742743, 88.32369942196532, -1, 89.92628992628993, 69.70260223048328, 76.17132515584154, 45.188583078491334, 77.35905939101598]
Average F1 Score :  67.83909453702138
0  23  0  7  2  10  351  1811  718  0  
3881  0  0  1  0  1  6  46  12  0  
103  0  0  0  0  0  0  0  2  0  
1041  0  0  0  0  0  0  4  1  0  
32  0  0  0  0  0  0  3  0  0  
284  0  0  0  0  0  0  30  12  0  
851  0  2  0  0  0  0  65  12  0  
9715  0  3  0  7  35  69  0  282  0  
3088  0  1  0  0  0  2  118  0  0  
0  0  0  0  0  0  0  0  0  0 


